% Case saved by PowerWorld Simulator, version 20, build date October 5, 2017
% Case Information Header = 2 lines
%  13/05/91 CYME INTERNATIONAL    100.0 1991 S
%  IEEE 300-BUS TEST SYSTEM
function mpc = IEEE300Bus
mpc.version = '2';
mpc.baseMVA =  100.00;

%% bus data 
mpc.bus = [
1	1	90.00	49.00	0.00	0.00	1	1.0281000	7.113200	115.00	1	1.100	0.900
2	1	56.00	15.00	0.00	0.00	1	1.0350400	8.864200	115.00	1	1.100	0.900
3	1	20.00	0.00	0.00	0.00	1	0.9965100	7.805500	230.00	1	1.100	0.900
4	1	0.00	0.00	0.00	0.00	1	1.0301400	5.796200	345.00	1	1.100	0.900
5	1	353.00	130.00	0.00	0.00	1	1.0187700	5.846300	115.00	1	1.100	0.900
6	1	120.00	41.00	0.00	0.00	1	1.0308700	8.125900	115.00	1	1.100	0.900
7	1	0.00	0.00	0.00	0.00	1	0.9928800	7.371500	230.00	1	1.100	0.900
8	1	58.00	14.00	0.00	0.00	1	1.0148100	3.466600	115.00	1	1.100	0.900
9	1	96.00	43.00	0.00	0.00	1	1.0030900	3.997000	115.00	1	1.100	0.900
10	1	148.00	33.00	0.00	0.00	1	1.0200900	2.495800	230.00	1	1.100	0.900
11	1	83.00	21.00	0.00	0.00	1	1.0054100	3.590500	115.00	1	1.100	0.900
12	1	0.00	0.00	0.00	0.00	1	0.9969100	6.379900	230.00	1	1.100	0.900
13	1	58.00	10.00	0.00	0.00	1	0.9973300	0.577400	115.00	1	1.100	0.900
14	1	160.00	60.00	0.00	0.00	1	0.9984000	-3.881900	115.00	1	1.100	0.900
15	1	126.70	23.00	0.00	0.00	1	1.0337900	-7.784300	115.00	1	1.100	0.900
16	1	0.00	0.00	0.00	0.00	1	1.0310400	-1.860900	345.00	1	1.100	0.900
17	1	561.00	220.00	0.00	0.00	1	1.0644100	-12.311800	115.00	1	1.100	0.900
19	1	0.00	0.00	0.00	0.00	1	0.9813600	2.191700	230.00	1	1.100	0.900
20	1	595.00	120.00	0.00	0.00	1	1.0005400	-1.327200	115.00	1	1.100	0.900
21	1	77.00	1.00	0.00	0.00	1	0.9747000	2.759000	230.00	1	1.100	0.900
22	1	81.00	23.00	0.00	0.00	1	0.9958800	-0.840400	115.00	1	1.100	0.900
23	1	21.00	7.00	0.00	0.00	1	1.0499700	5.072200	115.00	1	1.100	0.900
24	1	0.00	0.00	0.00	0.00	1	1.0054100	7.157700	230.00	1	1.100	0.900
25	1	45.00	12.00	0.00	0.00	1	1.0231900	2.573000	115.00	1	1.100	0.900
26	1	28.00	9.00	0.00	0.00	1	0.9983500	-0.601500	115.00	1	1.100	0.900
27	1	69.00	13.00	0.00	0.00	1	0.9747000	-3.764700	115.00	1	1.100	0.900
33	1	55.00	6.00	0.00	0.00	1	1.0255800	-11.575300	115.00	1	1.100	0.900
34	1	0.00	0.00	0.00	0.00	1	1.0425000	-7.488500	345.00	1	1.100	0.900
35	1	0.00	0.00	0.00	0.00	1	0.9896700	-25.486000	115.00	1	1.100	0.900
36	1	0.00	0.00	0.00	0.00	1	1.0124800	-22.412300	230.00	1	1.100	0.900
37	1	85.00	32.00	0.00	0.00	1	1.0206300	-10.738000	115.00	1	1.100	0.900
38	1	155.00	18.00	0.00	0.00	1	1.0214200	-12.119700	115.00	1	1.100	0.900
39	1	0.00	0.00	0.00	0.00	1	1.0544699	-5.364400	345.00	1	1.100	0.900
40	1	46.00	-21.00	0.00	0.00	1	1.0225300	-12.308600	115.00	1	1.100	0.900
41	1	86.00	0.00	0.00	0.00	1	1.0301501	-10.002200	115.00	1	1.100	0.900
42	1	0.00	0.00	0.00	0.00	1	1.0460100	-6.995800	345.00	1	1.100	0.900
43	1	39.00	9.00	0.00	0.00	1	1.0040100	-16.553400	115.00	1	1.100	0.900
44	1	195.00	29.00	0.00	0.00	1	1.0142699	-17.376900	115.00	1	1.100	0.900
45	1	0.00	0.00	0.00	0.00	1	1.0278800	-14.714300	230.00	1	1.100	0.900
46	1	0.00	0.00	0.00	0.00	1	1.0375700	-11.506100	345.00	1	1.100	0.900
47	1	58.00	11.80	0.00	0.00	1	0.9882400	-22.968300	115.00	1	1.100	0.900
48	1	41.00	19.00	0.00	0.00	1	1.0030200	-15.584200	115.00	1	1.100	0.900
49	1	92.00	26.00	0.00	0.00	1	1.0476700	-2.481500	115.00	1	1.100	0.900
51	1	-5.00	5.00	0.00	0.00	1	1.0260000	-7.810000	115.00	1	1.100	0.900
52	1	61.00	28.00	0.00	0.00	1	0.9993300	-11.801500	115.00	1	1.100	0.900
53	1	69.00	3.00	0.00	0.00	1	0.9995700	-17.425600	115.00	1	1.100	0.900
54	1	10.00	1.00	0.00	0.00	1	1.0090500	-16.195800	115.00	1	1.100	0.900
55	1	22.00	10.00	0.00	0.00	1	1.0172300	-12.364900	115.00	1	1.100	0.900
57	1	98.00	20.00	0.00	0.00	1	1.0340900	-8.928500	115.00	1	1.100	0.900
58	1	14.00	1.00	0.00	0.00	1	0.9916800	-7.265800	115.00	1	1.100	0.900
59	1	218.00	106.00	0.00	0.00	1	0.9787700	-6.668500	115.00	1	1.100	0.900
60	1	0.00	0.00	0.00	0.00	1	1.0304900	-10.188500	230.00	1	1.100	0.900
61	1	227.00	110.00	0.00	0.00	1	0.9907100	-4.900500	115.00	1	1.100	0.900
62	1	0.00	0.00	0.00	0.00	1	1.0175101	-2.741300	230.00	1	1.100	0.900
63	1	70.00	30.00	0.00	0.00	1	0.9582700	-19.090700	115.00	1	1.100	0.900
64	1	0.00	0.00	0.00	0.00	1	0.9485700	-14.478000	230.00	1	1.100	0.900
69	1	0.00	0.00	0.00	0.00	1	1.0064501	-26.124900	115.00	1	1.100	0.900
70	1	56.00	20.00	0.00	0.00	1	1.0218800	-34.871800	115.00	1	1.100	0.900
71	1	116.00	38.00	0.00	150.00	1	1.0465200	-30.258100	115.00	1	1.100	0.900
72	1	57.00	19.00	0.00	0.00	1	0.9947500	-27.329400	115.00	1	1.100	0.900
73	1	224.00	71.00	0.00	0.00	1	0.9972200	-25.593200	115.00	1	1.100	0.900
74	1	0.00	0.00	0.00	0.00	1	1.0099200	-21.895700	230.00	1	1.100	0.900
76	1	208.00	107.00	0.00	0.00	1	0.9760300	-26.242400	115.00	1	1.100	0.900
77	1	74.00	28.00	0.00	0.00	1	0.9967200	-24.715100	115.00	1	1.100	0.900
78	1	0.00	0.00	0.00	0.00	1	1.0021100	-23.841300	115.00	1	1.100	0.900
79	1	48.00	14.00	0.00	0.00	1	0.9986100	-24.813800	115.00	1	1.100	0.900
80	1	28.00	7.00	0.00	0.00	1	0.9974900	-24.723800	115.00	1	1.100	0.900
81	1	0.00	0.00	0.00	0.00	1	1.0396399	-18.693000	345.00	1	1.100	0.900
84	1	37.00	13.00	0.00	0.00	1	1.0248899	-17.037300	115.00	1	1.100	0.900
85	1	0.00	0.00	0.00	0.00	1	0.9870300	-16.938600	230.00	1	1.100	0.900
86	1	0.00	0.00	0.00	0.00	1	0.9905600	-13.395100	230.00	1	1.100	0.900
87	1	0.00	0.00	0.00	0.00	1	0.9913700	-6.840600	230.00	1	1.100	0.900
88	1	0.00	0.00	0.00	0.00	1	1.0248500	-20.786700	230.00	1	1.100	0.900
89	1	44.20	0.00	0.00	0.00	1	1.0316300	-10.430500	115.00	1	1.100	0.900
90	1	66.00	0.00	0.00	0.00	1	1.0274100	-10.630200	115.00	1	1.100	0.900
91	1	17.40	0.00	0.00	0.00	1	1.0519500	-8.649500	115.00	1	1.100	0.900
92	1	15.80	0.00	0.00	0.00	1	1.0519700	-5.562800	115.00	1	1.100	0.900
94	1	60.30	0.00	0.00	0.00	1	0.9926500	-8.529400	115.00	1	1.100	0.900
97	1	39.90	0.00	0.00	0.00	1	1.0182000	-12.488600	115.00	1	1.100	0.900
98	1	66.70	0.00	0.00	0.00	1	1.0000100	-13.846800	115.00	1	1.100	0.900
99	1	83.50	0.00	0.00	0.00	1	0.9894800	-19.566200	115.00	1	1.100	0.900
100	1	0.00	0.00	0.00	0.00	1	1.0059700	-13.688300	115.00	1	1.100	0.900
102	1	77.80	0.00	0.00	0.00	1	1.0006800	-14.467400	115.00	1	1.100	0.900
103	1	32.00	0.00	0.00	0.00	1	1.0289201	-11.400300	115.00	1	1.100	0.900
104	1	8.60	0.00	0.00	0.00	1	0.9957100	-16.580400	115.00	1	1.100	0.900
105	1	49.60	0.00	0.00	0.00	1	1.0226800	-12.307100	115.00	1	1.100	0.900
107	1	4.60	0.00	0.00	0.00	1	1.0102100	-15.433300	115.00	1	1.100	0.900
108	1	112.10	0.00	0.00	0.00	1	0.9899800	-19.550100	115.00	1	1.100	0.900
109	1	30.70	0.00	0.00	0.00	1	0.9801300	-25.471100	115.00	1	1.100	0.900
110	1	63.00	0.00	0.00	0.00	1	0.9762200	-24.070900	115.00	1	1.100	0.900
112	1	19.60	0.00	0.00	0.00	1	0.9813000	-28.065200	115.00	1	1.100	0.900
113	1	26.20	0.00	0.00	0.00	1	0.9790700	-25.038100	115.00	1	1.100	0.900
114	1	18.20	0.00	0.00	0.00	1	0.9839900	-27.970100	115.00	1	1.100	0.900
115	1	0.00	0.00	0.00	0.00	2	0.9533000	10.840500	115.00	2	1.100	0.900
116	1	0.00	0.00	0.00	0.00	2	1.0398999	17.473600	115.00	2	1.100	0.900
117	1	0.00	0.00	0.00	500.00	2	0.9715900	22.267800	115.00	2	1.100	0.900
118	1	14.10	650.00	0.00	0.00	2	0.9633900	23.271800	115.00	2	1.100	0.900
119	1	0.00	0.00	0.00	0.00	2	1.0426600	37.499900	115.00	2	1.100	0.900
120	1	0.00	0.00	0.00	150.00	2	1.0474200	34.861200	115.00	2	1.100	0.900
121	1	535.00	55.00	0.00	0.00	2	0.9429200	14.134400	115.00	2	1.100	0.900
122	1	229.10	11.80	0.00	0.00	2	0.9556200	8.439500	115.00	2	1.100	0.900
123	1	78.00	1.40	0.00	0.00	2	0.9847600	4.137700	115.00	2	1.100	0.900
124	1	276.40	59.30	0.00	0.00	2	1.0231800	14.414400	115.00	2	1.100	0.900
125	1	514.80	82.70	0.00	0.00	2	1.0075800	-5.271900	115.00	2	1.100	0.900
126	1	57.90	5.10	0.00	200.00	2	1.0056700	-1.172100	115.00	2	1.100	0.900
127	1	380.80	37.00	0.00	0.00	2	1.0056100	-6.166000	230.00	2	1.100	0.900
128	1	0.00	0.00	0.00	0.00	2	1.0049300	-4.227200	230.00	2	1.100	0.900
129	1	0.00	0.00	0.00	0.00	2	1.0049500	-3.427700	230.00	2	1.100	0.900
