%%%%%%%%%%%%%%%%%%%%%%%%%%%%%%%%%%%%%%%%%%%%%%%%%%%%%%%%%%%%%%%%%%%%%%%%%%%
%%%%                                                                  %%%%%
%%%%      NICTA Energy System Test Case Archive (NESTA) - v0.6.0      %%%%%
%%%%            Optimal Power Flow - Active Power Increase            %%%%%
%%%%                       02 - January - 2016                        %%%%%
%%%%                                                                  %%%%%
%%%%%%%%%%%%%%%%%%%%%%%%%%%%%%%%%%%%%%%%%%%%%%%%%%%%%%%%%%%%%%%%%%%%%%%%%%%
function mpc = nesta_case24_ieee_rts__api
mpc.version = '2';
mpc.baseMVA = 100.0;

%% area data
%	area	refbus
mpc.areas = [
	1	 1;
	2	 3;
	3	 8;
	4	 6;
];

%% bus data
%	bus_i	type	Pd	Qd	Gs	Bs	area	Vm	Va	baseKV	zone	Vmax	Vmin
mpc.bus = [
	1	 2	 207.42	 22.00	 0.0	 0.0	 1	    1.04533	  -19.42121	 138.0	 1	    1.05000	    0.95000;
	2	 2	 186.30	 20.00	 0.0	 0.0	 1	    1.05000	  -18.16660	 138.0	 1	    1.05000	    0.95000;
	3	 1	 345.70	 37.00	 0.0	 0.0	 1	    0.95259	  -24.32412	 138.0	 1	    1.05000	    0.95000;
	4	 1	 142.12	 15.00	 0.0	 0.0	 1	    0.96637	  -26.62965	 138.0	 1	    1.05000	    0.95000;
	5	 1	 136.36	 14.00	 0.0	 0.0	 1	    0.98661	  -26.82417	 138.0	 1	    1.05000	    0.95000;
	6	 1	 261.20	 28.00	 0.0	 -100.0	 2	    0.95000	  -32.87586	 138.0	 1	    1.05000	    0.95000;
	7	 2	 240.07	 25.00	 0.0	 0.0	 2	    1.05000	  -39.99503	 138.0	 1	    1.05000	    0.95000;
	8	 1	 328.42	 35.00	 0.0	 0.0	 2	    0.95929	  -41.28963	 138.0	 1	    1.05000	    0.95000;
	9	 1	 336.10	 36.00	 0.0	 0.0	 1	    0.95998	  -25.27661	 138.0	 1	    1.05000	    0.95000;
	10	 1	 374.51	 40.00	 0.0	 0.0	 2	    0.97655	  -28.08038	 138.0	 1	    1.05000	    0.95000;
	11	 1	 0.00	 0.00	 0.0	 0.0	 3	    0.97132	  -12.63813	 230.0	 1	    1.05000	    0.95000;
	12	 1	 0.00	 0.00	 0.0	 0.0	 3	    0.96813	  -11.44254	 230.0	 1	    1.05000	    0.95000;
	13	 3	 508.95	 54.00	 0.0	 0.0	 3	    1.03957	   -0.00000	 230.0	 1	    1.05000	    0.95000;
	14	 2	 372.59	 39.00	 0.0	 0.0	 3	    1.00815	  -11.25003	 230.0	 1	    1.05000	    0.95000;
	15	 2	 608.82	 64.00	 0.0	 0.0	 4	    1.05000	    1.25037	 230.0	 1	    1.05000	    0.95000;
	16	 2	 192.06	 20.00	 0.0	 0.0	 4	    1.00933	   -1.30629	 230.0	 1	    1.05000	    0.95000;
	17	 1	 0.00	 0.00	 0.0	 0.0	 4	    1.02185	   -0.21543	 230.0	 1	    1.05000	    0.95000;
	18	 2	 639.55	 68.00	 0.0	 0.0	 4	    1.02432	   -0.73235	 230.0	 1	    1.05000	    0.95000;
	19	 1	 347.62	 37.00	 0.0	 0.0	 3	    1.01397	   -5.41044	 230.0	 1	    1.05000	    0.95000;
	20	 1	 245.83	 26.00	 0.0	 0.0	 3	    1.03405	   -5.11537	 230.0	 1	    1.05000	    0.95000;
	21	 2	 0.00	 0.00	 0.0	 0.0	 4	    1.03610	    1.04399	 230.0	 1	    1.05000	    0.95000;
	22	 2	 0.00	 0.00	 0.0	 0.0	 4	    1.05000	    7.88000	 230.0	 1	    1.05000	    0.95000;
	23	 2	 0.00	 0.00	 0.0	 0.0	 3	    1.05000	   -3.56821	 230.0	 1	    1.05000	    0.95000;
	24	 1	 0.00	 0.00	 0.0	 0.0	 4	    0.97073	   -7.54723	 230.0	 1	    1.05000	    0.95000;
];

%% generator data
%	bus	Pg	Qg	Qmax	Qmin	Vg	mBase	status	Pmax	Pmin	Pc1	Pc2	Qc1min	Qc1max	Qc2min	Qc2max	ramp_agc	ramp_10	ramp_30	ramp_q	apf
mpc.gen = [
	1	 73.0	 7.337	 37.0	 -37.0	 1.04533	 100.0	 1	 73	 8.0	 0.0	 0.0	 0.0	 0.0	 0.0	 0.0	 0.0	 0.0	 0.0	 0.0	 0.0; % PEL
	1	 122.0	 18.788	 61.0	 -61.0	 1.04533	 100.0	 1	 122	 8.0	 0.0	 0.0	 0.0	 0.0	 0.0	 0.0	 0.0	 0.0	 0.0	 0.0	 0.0; % PEL
	1	 7.6	 22.274	 67.0	 -67.0	 1.04533	 100.0	 1	 133	 7.6	 0.0	 0.0	 0.0	 0.0	 0.0	 0.0	 0.0	 0.0	 0.0	 0.0	 0.0; % PEL
	1	 48.56	 17.676	 59.0	 -59.0	 1.04533	 100.0	 1	 117	 7.6	 0.0	 0.0	 0.0	 0.0	 0.0	 0.0	 0.0	 0.0	 0.0	 0.0	 0.0; % PEL
	2	 29.887	 25.934	 233.0	 -233.0	 1.05	 100.0	 1	 466	 8.0	 0.0	 0.0	 0.0	 0.0	 0.0	 0.0	 0.0	 0.0	 0.0	 0.0	 0.0; % NG
	2	 8.0	 3.571	 86.0	 -86.0	 1.05	 100.0	 1	 171	 8.0	 0.0	 0.0	 0.0	 0.0	 0.0	 0.0	 0.0	 0.0	 0.0	 0.0	 0.0; % PEL
	2	 585.0	 40.722	 293.0	 -293.0	 1.05	 100.0	 1	 585	 7.6	 0.0	 0.0	 0.0	 0.0	 0.0	 0.0	 0.0	 0.0	 0.0	 0.0	 0.0; % COW
	2	 7.6	 3.998	 91.0	 -91.0	 1.05	 100.0	 1	 181	 7.6	 0.0	 0.0	 0.0	 0.0	 0.0	 0.0	 0.0	 0.0	 0.0	 0.0	 0.0; % PEL
	7	 12.5	 37.545	 109.0	 -109.0	 1.05	 100.0	 1	 218	 12.5	 0.0	 0.0	 0.0	 0.0	 0.0	 0.0	 0.0	 0.0	 0.0	 0.0	 0.0; % COW
	7	 287.551	 108.485	 205.0	 -205.0	 1.05	 100.0	 1	 410	 12.5	 0.0	 0.0	 0.0	 0.0	 0.0	 0.0	 0.0	 0.0	 0.0	 0.0	 0.0; % COW
	7	 12.501	 14.83	 66.0	 -66.0	 1.05	 100.0	 1	 131	 12.5	 0.0	 0.0	 0.0	 0.0	 0.0	 0.0	 0.0	 0.0	 0.0	 0.0	 0.0; % COW
	13	 343.992	 54.458	 288.0	 -288.0	 1.03957	 100.0	 1	 575	 34.5	 0.0	 0.0	 0.0	 0.0	 0.0	 0.0	 0.0	 0.0	 0.0	 0.0	 0.0; % COW
	13	 1126.0	 190.989	 563.0	 -563.0	 1.03957	 100.0	 1	 1126	 34.5	 0.0	 0.0	 0.0	 0.0	 0.0	 0.0	 0.0	 0.0	 0.0	 0.0	 0.0; % COW
	13	 34.5	 48.757	 272.0	 -272.0	 1.03957	 100.0	 1	 543	 34.5	 0.0	 0.0	 0.0	 0.0	 0.0	 0.0	 0.0	 0.0	 0.0	 0.0	 0.0; % NG
	14	 0.0	 203.98	 270.0	 -270.0	 1.00815	 100.0	 1	 0	 0.0	 0.0	 0.0	 0.0	 0.0	 0.0	 0.0	 0.0	 0.0	 0.0	 0.0	 0.0; % SYNC
	15	 1.2	 42.629	 102.0	 -102.0	 1.05	 100.0	 1	 171	 1.2	 0.0	 0.0	 0.0	 0.0	 0.0	 0.0	 0.0	 0.0	 0.0	 0.0	 0.0; % PEL
	15	 143.0	 42.629	 102.0	 -102.0	 1.05	 100.0	 1	 143	 1.2	 0.0	 0.0	 0.0	 0.0	 0.0	 0.0	 0.0	 0.0	 0.0	 0.0	 0.0; % NG
	15	 315.0	 86.654	 158.0	 -158.0	 1.05	 100.0	 1	 315	 1.2	 0.0	 0.0	 0.0	 0.0	 0.0	 0.0	 0.0	 0.0	 0.0	 0.0	 0.0; % NG
	15	 1.2	 42.629	 102.0	 -102.0	 1.05	 100.0	 1	 172	 1.2	 0.0	 0.0	 0.0	 0.0	 0.0	 0.0	 0.0	 0.0	 0.0	 0.0	 0.0; % PEL
	15	 335.0	 95.161	 168.0	 -168.0	 1.05	 100.0	 1	 335	 1.2	 0.0	 0.0	 0.0	 0.0	 0.0	 0.0	 0.0	 0.0	 0.0	 0.0	 0.0; % NG
	15	 456.0	 148.538	 228.0	 -228.0	 1.05	 100.0	 1	 456	 27.15	 0.0	 0.0	 0.0	 0.0	 0.0	 0.0	 0.0	 0.0	 0.0	 0.0	 0.0; % COW
	16	 574.0	 -287.0	 287.0	 -287.0	 1.00933	 100.0	 1	 574	 27.15	 0.0	 0.0	 0.0	 0.0	 0.0	 0.0	 0.0	 0.0	 0.0	 0.0	 0.0; % NG
	18	 316.0	 30.317	 200.0	 -158.0	 1.02432	 100.0	 1	 316	 50.0	 0.0	 0.0	 0.0	 0.0	 0.0	 0.0	 0.0	 0.0	 0.0	 0.0	 0.0; % NG
	21	 50.0	 -1.054	 200.0	 -158.4	 1.0361	 100.0	 1	 269	 50.0	 0.0	 0.0	 0.0	 0.0	 0.0	 0.0	 0.0	 0.0	 0.0	 0.0	 0.0; % NG
	22	 5.0	 0.808	 58.0	 -58.0	 1.05	 100.0	 1	 115	 5.0	 0.0	 0.0	 0.0	 0.0	 0.0	 0.0	 0.0	 0.0	 0.0	 0.0	 0.0; % NG
	22	 85.0	 0.444	 43.0	 -43.0	 1.05	 100.0	 1	 85	 5.0	 0.0	 0.0	 0.0	 0.0	 0.0	 0.0	 0.0	 0.0	 0.0	 0.0	 0.0; % NG
	22	 5.0	 1.11	 68.0	 -68.0	 1.05	 100.0	 1	 135	 5.0	 0.0	 0.0	 0.0	 0.0	 0.0	 0.0	 0.0	 0.0	 0.0	 0.0	 0.0; % NG
	22	 5.0	 0.726	 55.0	 -55.0	 1.05	 100.0	 1	 109	 5.0	 0.0	 0.0	 0.0	 0.0	 0.0	 0.0	 0.0	 0.0	 0.0	 0.0	 0.0; % PEL
	22	 224.0	 3.01	 112.0	 -112.0	 1.05	 100.0	 1	 224	 5.0	 0.0	 0.0	 0.0	 0.0	 0.0	 0.0	 0.0	 0.0	 0.0	 0.0	 0.0; % NG
	22	 14.042	 1.654	 83.0	 -83.0	 1.05	 100.0	 1	 166	 5.0	 0.0	 0.0	 0.0	 0.0	 0.0	 0.0	 0.0	 0.0	 0.0	 0.0	 0.0; % NG
	23	 27.15	 79.492	 185.0	 -185.0	 1.05	 100.0	 1	 370	 27.15	 0.0	 0.0	 0.0	 0.0	 0.0	 0.0	 0.0	 0.0	 0.0	 0.0	 0.0; % NG
	23	 269.0	 45.928	 135.0	 -135.0	 1.05	 100.0	 1	 269	 27.15	 0.0	 0.0	 0.0	 0.0	 0.0	 0.0	 0.0	 0.0	 0.0	 0.0	 0.0; % NG
	23	 70.0	 73.754	 177.0	 -177.0	 1.05	 100.0	 1	 353	 70.0	 0.0	 0.0	 0.0	 0.0	 0.0	 0.0	 0.0	 0.0	 0.0	 0.0	 0.0; % NG
];

%% generator cost data
%	2	startup	shutdown	n	c(n-1)	...	c0
