%%%%%%%%%%%%%%%%%%%%%%%%%%%%%%%%%%%%%%%%%%%%%%%%%%%%%%%%%%%%%%%%%%%%%%%%%%%
%%%%                                                                  %%%%%
%%%%      NICTA Energy System Test Case Archive (NESTA) - v0.6.0      %%%%%
%%%%           Optimal Power Flow - Small Angle Difference            %%%%%
%%%%                       02 - January - 2016                        %%%%%
%%%%                                                                  %%%%%
%%%%%%%%%%%%%%%%%%%%%%%%%%%%%%%%%%%%%%%%%%%%%%%%%%%%%%%%%%%%%%%%%%%%%%%%%%%
function mpc = nesta_case118_ieee__sad
mpc.version = '2';
mpc.baseMVA = 100.0;

%% bus data
%	bus_i	type	Pd	Qd	Gs	Bs	area	Vm	Va	baseKV	zone	Vmax	Vmin
mpc.bus = [
	1	 2	 51.0	 27.0	 0.0	 0.0	 1	    1.03461	   -4.68943	 138.0	 1	    1.06000	    0.94000;
	2	 1	 20.0	 9.0	 0.0	 0.0	 1	    1.04546	   -3.77797	 138.0	 1	    1.06000	    0.94000;
	3	 1	 39.0	 10.0	 0.0	 0.0	 1	    1.04061	   -3.99621	 138.0	 1	    1.06000	    0.94000;
	4	 2	 39.0	 12.0	 0.0	 0.0	 1	    1.06000	   -1.43251	 138.0	 1	    1.06000	    0.94000;
	5	 1	 0.0	 0.0	 0.0	 -40.0	 1	    1.05828	   -1.06106	 138.0	 1	    1.06000	    0.94000;
	6	 2	 52.0	 22.0	 0.0	 0.0	 1	    1.06000	   -2.79707	 138.0	 1	    1.06000	    0.94000;
	7	 1	 19.0	 2.0	 0.0	 0.0	 1	    1.05929	   -2.86771	 138.0	 1	    1.06000	    0.94000;
	8	 2	 28.0	 0.0	 0.0	 0.0	 1	    1.04093	    2.33194	 345.0	 1	    1.06000	    0.94000;
	9	 1	 0.0	 0.0	 0.0	 0.0	 1	    1.06000	   10.03518	 345.0	 1	    1.06000	    0.94000;
	10	 2	 0.0	 0.0	 0.0	 0.0	 1	    1.06000	   18.20172	 345.0	 1	    1.06000	    0.94000;
	11	 1	 70.0	 23.0	 0.0	 0.0	 1	    1.05213	   -2.95841	 138.0	 1	    1.06000	    0.94000;
	12	 2	 47.0	 10.0	 0.0	 0.0	 1	    1.06000	   -2.65772	 138.0	 1	    1.06000	    0.94000;
	13	 1	 34.0	 16.0	 0.0	 0.0	 1	    1.03809	   -5.37967	 138.0	 1	    1.06000	    0.94000;
	14	 1	 14.0	 1.0	 0.0	 0.0	 1	    1.05480	   -4.88108	 138.0	 1	    1.06000	    0.94000;
	15	 2	 90.0	 30.0	 0.0	 0.0	 1	    1.04879	   -9.58352	 138.0	 1	    1.06000	    0.94000;
	16	 1	 25.0	 10.0	 0.0	 0.0	 1	    1.05219	   -4.93299	 138.0	 1	    1.06000	    0.94000;
	17	 1	 11.0	 3.0	 0.0	 0.0	 1	    1.06000	   -7.67769	 138.0	 1	    1.06000	    0.94000;
	18	 2	 60.0	 34.0	 0.0	 0.0	 1	    1.05414	   -9.91612	 138.0	 1	    1.06000	    0.94000;
	19	 2	 45.0	 25.0	 0.0	 0.0	 1	    1.04817	  -10.48667	 138.0	 1	    1.06000	    0.94000;
	20	 1	 18.0	 3.0	 0.0	 0.0	 1	    1.03634	  -10.92499	 138.0	 1	    1.06000	    0.94000;
	21	 1	 14.0	 8.0	 0.0	 0.0	 1	    1.03120	  -10.43127	 138.0	 1	    1.06000	    0.94000;
	22	 1	 10.0	 5.0	 0.0	 0.0	 1	    1.03365	   -9.19792	 138.0	 1	    1.06000	    0.94000;
	23	 1	 7.0	 3.0	 0.0	 0.0	 1	    1.04498	   -6.38636	 138.0	 1	    1.06000	    0.94000;
	24	 2	 13.0	 0.0	 0.0	 0.0	 1	    1.06000	   -7.13247	 138.0	 1	    1.06000	    0.94000;
	25	 2	 0.0	 0.0	 0.0	 0.0	 1	    1.06000	   -1.14523	 138.0	 1	    1.06000	    0.94000;
	26	 2	 0.0	 0.0	 0.0	 0.0	 1	    1.05443	    3.11013	 345.0	 1	    1.06000	    0.94000;
	27	 2	 71.0	 13.0	 0.0	 0.0	 1	    0.94000	   -9.31177	 138.0	 1	    1.06000	    0.94000;
	28	 1	 17.0	 7.0	 0.0	 0.0	 1	    0.95098	  -10.34785	 138.0	 1	    1.06000	    0.94000;
	29	 1	 24.0	 4.0	 0.0	 0.0	 1	    0.97198	  -10.55743	 138.0	 1	    1.06000	    0.94000;
	30	 1	 0.0	 0.0	 0.0	 0.0	 1	    1.03423	   -3.25572	 345.0	 1	    1.06000	    0.94000;
	31	 2	 43.0	 27.0	 0.0	 0.0	 1	    0.98293	  -10.19979	 138.0	 1	    1.06000	    0.94000;
	32	 2	 59.0	 23.0	 0.0	 0.0	 1	    0.98462	   -9.86387	 138.0	 1	    1.06000	    0.94000;
	33	 1	 23.0	 9.0	 0.0	 0.0	 1	    1.04597	  -11.30228	 138.0	 1	    1.06000	    0.94000;
	34	 2	 59.0	 26.0	 0.0	 14.0	 1	    1.05818	  -12.12041	 138.0	 1	    1.06000	    0.94000;
	35	 1	 33.0	 9.0	 0.0	 0.0	 1	    1.05496	  -12.51506	 138.0	 1	    1.06000	    0.94000;
	36	 2	 31.0	 17.0	 0.0	 0.0	 1	    1.05544	  -12.52692	 138.0	 1	    1.06000	    0.94000;
	37	 1	 0.0	 0.0	 0.0	 -25.0	 1	    1.06000	  -11.66261	 138.0	 1	    1.06000	    0.94000;
	38	 1	 0.0	 0.0	 0.0	 0.0	 1	    1.01448	   -6.74045	 345.0	 1	    1.06000	    0.94000;
	39	 1	 27.0	 11.0	 0.0	 0.0	 1	    1.02200	  -15.49329	 138.0	 1	    1.06000	    0.94000;
	40	 2	 66.0	 23.0	 0.0	 0.0	 1	    1.01199	  -16.96585	 138.0	 1	    1.06000	    0.94000;
	41	 1	 37.0	 10.0	 0.0	 0.0	 1	    0.98600	  -17.53818	 138.0	 1	    1.06000	    0.94000;
	42	 2	 96.0	 23.0	 0.0	 0.0	 1	    0.94000	  -16.33308	 138.0	 1	    1.06000	    0.94000;
	43	 1	 18.0	 7.0	 0.0	 0.0	 1	    1.04651	  -13.37799	 138.0	 1	    1.06000	    0.94000;
	44	 1	 16.0	 8.0	 0.0	 10.0	 1	    1.04346	  -12.96449	 138.0	 1	    1.06000	    0.94000;
	45	 1	 53.0	 22.0	 0.0	 10.0	 1	    1.03955	  -11.96238	 138.0	 1	    1.06000	    0.94000;
	46	 2	 28.0	 10.0	 0.0	 10.0	 1	    1.06000	   -9.53631	 138.0	 1	    1.06000	    0.94000;
	47	 1	 34.0	 0.0	 0.0	 0.0	 1	    1.05248	   -8.16654	 138.0	 1	    1.06000	    0.94000;
	48	 1	 20.0	 11.0	 0.0	 15.0	 1	    1.05421	   -8.93728	 138.0	 1	    1.06000	    0.94000;
	49	 2	 87.0	 30.0	 0.0	 0.0	 1	    1.05194	   -8.16654	 138.0	 1	    1.06000	    0.94000;
	50	 1	 17.0	 4.0	 0.0	 0.0	 1	    1.04182	  -10.05610	 138.0	 1	    1.06000	    0.94000;
	51	 1	 17.0	 8.0	 0.0	 0.0	 1	    1.02585	  -12.39067	 138.0	 1	    1.06000	    0.94000;
	52	 1	 18.0	 5.0	 0.0	 0.0	 1	    1.02087	  -13.22461	 138.0	 1	    1.06000	    0.94000;
	53	 1	 23.0	 11.0	 0.0	 0.0	 1	    1.02205	  -13.98006	 138.0	 1	    1.06000	    0.94000;
	54	 2	 113.0	 32.0	 0.0	 0.0	 1	    1.03800	  -13.11638	 138.0	 1	    1.06000	    0.94000;
	55	 2	 63.0	 22.0	 0.0	 0.0	 1	    1.03365	  -13.49631	 138.0	 1	    1.06000	    0.94000;
	56	 2	 84.0	 18.0	 0.0	 0.0	 1	    1.03456	  -13.30265	 138.0	 1	    1.06000	    0.94000;
	57	 1	 12.0	 3.0	 0.0	 0.0	 1	    1.03493	  -12.29728	 138.0	 1	    1.06000	    0.94000;
	58	 1	 12.0	 3.0	 0.0	 0.0	 1	    1.02750	  -13.04338	 138.0	 1	    1.06000	    0.94000;
	59	 2	 277.0	 113.0	 0.0	 0.0	 1	    1.03271	   -9.99175	 138.0	 1	    1.06000	    0.94000;
	60	 1	 78.0	 3.0	 0.0	 0.0	 1	    1.00795	   -3.83475	 138.0	 1	    1.06000	    0.94000;
	61	 2	 0.0	 0.0	 0.0	 0.0	 1	    1.00831	   -2.74355	 138.0	 1	    1.06000	    0.94000;
	62	 2	 77.0	 14.0	 0.0	 0.0	 1	    1.00747	   -3.48267	 138.0	 1	    1.06000	    0.94000;
	63	 1	 0.0	 0.0	 0.0	 0.0	 1	    0.99628	   -5.29413	 345.0	 1	    1.06000	    0.94000;
	64	 1	 0.0	 0.0	 0.0	 0.0	 1	    1.00370	   -2.69949	 345.0	 1	    1.06000	    0.94000;
	65	 2	 0.0	 0.0	 0.0	 0.0	 1	    1.02221	    1.15319	 345.0	 1	    1.06000	    0.94000;
	66	 2	 39.0	 18.0	 0.0	 0.0	 1	    1.06000	   -0.00000	 138.0	 1	    1.06000	    0.94000;
	67	 1	 28.0	 7.0	 0.0	 0.0	 1	    1.02968	   -2.36643	 138.0	 1	    1.06000	    0.94000;
	68	 1	 0.0	 0.0	 0.0	 0.0	 1	    1.03793	   -0.37718	 345.0	 1	    1.06000	    0.94000;
	69	 3	 0.0	 0.0	 0.0	 0.0	 1	    1.06000	    0.00000	 138.0	 1	    1.06000	    0.94000;
	70	 2	 66.0	 20.0	 0.0	 0.0	 1	    1.00981	   -6.66258	 138.0	 1	    1.06000	    0.94000;
	71	 1	 0.0	 0.0	 0.0	 0.0	 1	    1.01079	   -6.89182	 138.0	 1	    1.06000	    0.94000;
	72	 2	 12.0	 0.0	 0.0	 0.0	 1	    1.03266	   -7.62807	 138.0	 1	    1.06000	    0.94000;
	73	 2	 6.0	 0.0	 0.0	 0.0	 1	    1.00522	   -6.99083	 138.0	 1	    1.06000	    0.94000;
	74	 2	 68.0	 27.0	 0.0	 12.0	 1	    0.99365	   -7.92796	 138.0	 1	    1.06000	    0.94000;
	75	 1	 47.0	 11.0	 0.0	 0.0	 1	    0.99902	   -6.75512	 138.0	 1	    1.06000	    0.94000;
	76	 2	 68.0	 36.0	 0.0	 0.0	 1	    0.98056	   -8.06925	 138.0	 1	    1.06000	    0.94000;
	77	 2	 61.0	 28.0	 0.0	 0.0	 1	    1.02127	   -3.28408	 138.0	 1	    1.06000	    0.94000;
	78	 1	 71.0	 26.0	 0.0	 0.0	 1	    1.01570	   -3.48897	 138.0	 1	    1.06000	    0.94000;
	79	 1	 39.0	 32.0	 0.0	 20.0	 1	    1.01537	   -3.04395	 138.0	 1	    1.06000	    0.94000;
	80	 2	 130.0	 26.0	 0.0	 0.0	 1	    1.02859	   -0.35586	 138.0	 1	    1.06000	    0.94000;
