%%%%%%%%%%%%%%%%%%%%%%%%%%%%%%%%%%%%%%%%%%%%%%%%%%%%%%%%%%%%%%%%%%%%%%%%%%%
%%%%                                                                  %%%%%
%%%%      NICTA Energy System Test Case Archive (NESTA) - v0.6.0      %%%%%
%%%%           Optimal Power Flow - Small Angle Difference            %%%%%
%%%%                       02 - January - 2016                        %%%%%
%%%%                                                                  %%%%%
%%%%%%%%%%%%%%%%%%%%%%%%%%%%%%%%%%%%%%%%%%%%%%%%%%%%%%%%%%%%%%%%%%%%%%%%%%%
function mpc = nesta_case73_ieee_rts__sad
mpc.version = '2';
mpc.baseMVA = 100.0;

%% area data
%	area	refbus
mpc.areas = [
	1	 101;
	2	 201;
	3	 301;
];

%% bus data
%	bus_i	type	Pd	Qd	Gs	Bs	area	Vm	Va	baseKV	zone	Vmax	Vmin
mpc.bus = [
	101	 2	 108.0	 22.0	 0.0	 0.0	 1	    1.03143	   -8.01425	 138.0	 1	    1.05000	    0.95000;
	102	 2	 97.0	 20.0	 0.0	 0.0	 1	    1.02860	   -7.99769	 138.0	 1	    1.05000	    0.95000;
	103	 1	 180.0	 37.0	 0.0	 0.0	 1	    1.01001	   -9.92758	 138.0	 1	    1.05000	    0.95000;
	104	 1	 74.0	 15.0	 0.0	 0.0	 1	    1.01031	  -11.12025	 138.0	 1	    1.05000	    0.95000;
	105	 1	 71.0	 14.0	 0.0	 0.0	 1	    1.02722	  -11.06187	 138.0	 1	    1.05000	    0.95000;
	106	 1	 136.0	 28.0	 0.0	 -100.0	 1	    1.02756	  -13.64293	 138.0	 1	    1.05000	    0.95000;
	107	 2	 125.0	 25.0	 0.0	 0.0	 1	    1.05000	   -5.07463	 138.0	 1	    1.05000	    0.95000;
	108	 1	 171.0	 35.0	 0.0	 0.0	 1	    1.01729	  -10.37403	 138.0	 1	    1.05000	    0.95000;
	109	 1	 175.0	 36.0	 0.0	 0.0	 1	    1.02890	   -9.60936	 138.0	 1	    1.05000	    0.95000;
	110	 1	 195.0	 40.0	 0.0	 0.0	 1	    1.05000	  -10.98297	 138.0	 1	    1.05000	    0.95000;
	111	 1	 0.0	 0.0	 0.0	 0.0	 1	    1.03390	   -5.19386	 230.0	 1	    1.05000	    0.95000;
	112	 1	 0.0	 0.0	 0.0	 0.0	 1	    1.02788	   -3.67449	 230.0	 1	    1.05000	    0.95000;
	113	 3	 265.0	 54.0	 0.0	 0.0	 1	    1.05000	    0.00000	 230.0	 1	    1.05000	    0.95000;
	114	 2	 194.0	 39.0	 0.0	 0.0	 1	    1.05000	   -4.85994	 230.0	 1	    1.05000	    0.95000;
	115	 2	 317.0	 64.0	 0.0	 0.0	 1	    1.04534	    1.59712	 230.0	 1	    1.05000	    0.95000;
	116	 2	 100.0	 20.0	 0.0	 0.0	 1	    1.04885	    1.79611	 230.0	 1	    1.05000	    0.95000;
	117	 1	 0.0	 0.0	 0.0	 0.0	 1	    1.04914	    5.25849	 230.0	 1	    1.05000	    0.95000;
	118	 2	 333.0	 68.0	 0.0	 0.0	 1	    1.05000	    6.16881	 230.0	 1	    1.05000	    0.95000;
	119	 1	 181.0	 37.0	 0.0	 0.0	 1	    1.04145	    1.03797	 230.0	 1	    1.05000	    0.95000;
	120	 1	 128.0	 26.0	 0.0	 0.0	 1	    1.04460	    2.24789	 230.0	 1	    1.05000	    0.95000;
	121	 2	 0.0	 0.0	 0.0	 0.0	 1	    1.05000	    6.55607	 230.0	 1	    1.05000	    0.95000;
	122	 2	 0.0	 0.0	 0.0	 0.0	 1	    1.05000	   12.55878	 230.0	 1	    1.05000	    0.95000;
	123	 2	 0.0	 0.0	 0.0	 0.0	 1	    1.05000	    3.63398	 230.0	 1	    1.05000	    0.95000;
	124	 1	 0.0	 0.0	 0.0	 0.0	 1	    1.01768	   -2.61910	 230.0	 1	    1.05000	    0.95000;
	201	 2	 108.0	 22.0	 0.0	 0.0	 2	    1.03583	   -3.40417	 138.0	 2	    1.05000	    0.95000;
	202	 2	 97.0	 20.0	 0.0	 0.0	 2	    1.03539	   -3.41632	 138.0	 2	    1.05000	    0.95000;
	203	 1	 180.0	 37.0	 0.0	 0.0	 2	    1.02280	   -5.41325	 138.0	 2	    1.05000	    0.95000;
	204	 1	 74.0	 15.0	 0.0	 0.0	 2	    1.01462	   -6.45723	 138.0	 2	    1.05000	    0.95000;
	205	 1	 71.0	 14.0	 0.0	 0.0	 2	    1.02951	   -6.39673	 138.0	 2	    1.05000	    0.95000;
	206	 1	 136.0	 28.0	 0.0	 -100.0	 2	    1.02929	   -8.95396	 138.0	 2	    1.05000	    0.95000;
	207	 2	 125.0	 25.0	 0.0	 0.0	 2	    1.03372	    0.64698	 138.0	 2	    1.05000	    0.95000;
	208	 1	 171.0	 35.0	 0.0	 0.0	 2	    1.00760	   -5.16814	 138.0	 2	    1.05000	    0.95000;
	209	 1	 175.0	 36.0	 0.0	 0.0	 2	    1.03098	   -4.91604	 138.0	 2	    1.05000	    0.95000;
	210	 1	 195.0	 40.0	 0.0	 0.0	 2	    1.05000	   -6.28151	 138.0	 2	    1.05000	    0.95000;
	211	 1	 0.0	 0.0	 0.0	 0.0	 2	    1.03435	   -0.67048	 230.0	 2	    1.05000	    0.95000;
	212	 1	 0.0	 0.0	 0.0	 0.0	 2	    1.02830	    1.02697	 230.0	 2	    1.05000	    0.95000;
	213	 2	 265.0	 54.0	 0.0	 0.0	 2	    1.05000	    4.71607	 230.0	 2	    1.05000	    0.95000;
	214	 2	 194.0	 39.0	 0.0	 0.0	 2	    1.05000	   -0.66394	 230.0	 2	    1.05000	    0.95000;
	215	 2	 317.0	 64.0	 0.0	 0.0	 2	    1.04800	    5.32524	 230.0	 2	    1.05000	    0.95000;
	216	 2	 100.0	 20.0	 0.0	 0.0	 2	    1.04905	    5.52830	 230.0	 2	    1.05000	    0.95000;
	217	 1	 0.0	 0.0	 0.0	 0.0	 2	    1.04478	    8.34295	 230.0	 2	    1.05000	    0.95000;
	218	 2	 333.0	 68.0	 0.0	 0.0	 2	    1.04096	    9.82055	 230.0	 2	    1.05000	    0.95000;
	219	 1	 181.0	 37.0	 0.0	 0.0	 2	    1.04143	    5.18258	 230.0	 2	    1.05000	    0.95000;
	220	 1	 128.0	 26.0	 0.0	 0.0	 2	    1.04445	    6.75259	 230.0	 2	    1.05000	    0.95000;
	221	 2	 0.0	 0.0	 0.0	 0.0	 2	    1.05000	   10.63226	 230.0	 2	    1.05000	    0.95000;
	222	 2	 0.0	 0.0	 0.0	 0.0	 2	    1.05000	   15.65143	 230.0	 2	    1.05000	    0.95000;
	223	 2	 0.0	 0.0	 0.0	 0.0	 2	    1.05000	    8.33545	 230.0	 2	    1.05000	    0.95000;
	224	 1	 0.0	 0.0	 0.0	 0.0	 2	    1.02509	    1.35963	 230.0	 2	    1.05000	    0.95000;
	301	 2	 108.0	 22.0	 0.0	 0.0	 3	    1.03954	  -12.18653	 138.0	 3	    1.05000	    0.95000;
	302	 2	 97.0	 20.0	 0.0	 0.0	 3	    1.03522	  -12.16693	 138.0	 3	    1.05000	    0.95000;
	303	 1	 180.0	 37.0	 0.0	 0.0	 3	    1.01112	  -13.89560	 138.0	 3	    1.05000	    0.95000;
	304	 1	 74.0	 15.0	 0.0	 0.0	 3	    1.01288	  -15.12551	 138.0	 3	    1.05000	    0.95000;
	305	 1	 71.0	 14.0	 0.0	 0.0	 3	    1.03147	  -15.08432	 138.0	 3	    1.05000	    0.95000;
	306	 1	 136.0	 28.0	 0.0	 -100.0	 3	    1.02928	  -17.59525	 138.0	 3	    1.05000	    0.95000;
	307	 2	 125.0	 25.0	 0.0	 0.0	 3	    1.03186	   -7.92509	 138.0	 3	    1.05000	    0.95000;
	308	 1	 171.0	 35.0	 0.0	 0.0	 3	    1.00581	  -13.76302	 138.0	 3	    1.05000	    0.95000;
	309	 1	 175.0	 36.0	 0.0	 0.0	 3	    1.02799	  -13.50479	 138.0	 3	    1.05000	    0.95000;
	310	 1	 195.0	 40.0	 0.0	 0.0	 3	    1.05000	  -14.88871	 138.0	 3	    1.05000	    0.95000;
	311	 1	 0.0	 0.0	 0.0	 0.0	 3	    1.03380	   -9.16755	 230.0	 3	    1.05000	    0.95000;
	312	 1	 0.0	 0.0	 0.0	 0.0	 3	    1.02770	   -7.58023	 230.0	 3	    1.05000	    0.95000;
	313	 2	 265.0	 54.0	 0.0	 0.0	 3	    1.05000	   -3.91577	 230.0	 3	    1.05000	    0.95000;
	314	 2	 194.0	 39.0	 0.0	 0.0	 3	    1.05000	   -8.95768	 230.0	 3	    1.05000	    0.95000;
	315	 2	 317.0	 64.0	 0.0	 0.0	 3	    1.04407	   -2.35543	 230.0	 3	    1.05000	    0.95000;
	316	 2	 100.0	 20.0	 0.0	 0.0	 3	    1.04693	   -2.45323	 230.0	 3	    1.05000	    0.95000;
	317	 1	 0.0	 0.0	 0.0	 0.0	 3	    1.04807	    1.69945	 230.0	 3	    1.05000	    0.95000;
	318	 2	 333.0	 68.0	 0.0	 0.0	 3	    1.05000	    2.97503	 230.0	 3	    1.05000	    0.95000;
	319	 1	 181.0	 37.0	 0.0	 0.0	 3	    1.04029	   -3.06727	 230.0	 3	    1.05000	    0.95000;
	320	 1	 128.0	 26.0	 0.0	 0.0	 3	    1.04414	   -1.72781	 230.0	 3	    1.05000	    0.95000;
	321	 2	 0.0	 0.0	 0.0	 0.0	 3	    1.05000	    3.04241	 230.0	 3	    1.05000	    0.95000;
	322	 2	 0.0	 0.0	 0.0	 0.0	 3	    1.05000	    9.00793	 230.0	 3	    1.05000	    0.95000;
	323	 2	 0.0	 0.0	 0.0	 0.0	 3	    1.05000	   -0.27175	 230.0	 3	    1.05000	    0.95000;
	324	 1	 0.0	 0.0	 0.0	 0.0	 3	    1.01729	   -6.58712	 230.0	 3	    1.05000	    0.95000;
	325	 1	 0.0	 0.0	 0.0	 0.0	 3	    1.04912	    0.29588	 230.0	 3	    1.05000	    0.95000;
];

%% generator data
%	bus	Pg	Qg	Qmax	Qmin	Vg	mBase	status	Pmax	Pmin	Pc1	Pc2	Qc1min	Qc1max	Qc2min	Qc2max	ramp_agc	ramp_10	ramp_30	ramp_q	apf
